-5 -8.944e-05 0.020396
-4.5833 -0.00054901 0.021151
-4.1667 -0.002779 0.023749
-3.75 -0.011545 0.028365
-3.3333 -0.039089 0.035006
-2.9167 -0.10671 0.037842
-2.5 -0.23067 0.047915
-2.0833 -0.38133 0.050058
-1.6667 -0.44329 0.057943
-1.25 -0.25753 0.056715
-0.83333 0.21592 0.050568
-0.41667 0.75768 0.083698
0 1 0.097915
0.41667 0.75768 0.079626
0.83333 0.21592 0.045841
1.25 -0.25753 0.060123
1.6667 -0.44329 0.049126
2.0833 -0.38133 0.066801
2.5 -0.23067 0.057764
2.9167 -0.10671 0.03733
3.3333 -0.039089 0.035483
3.75 -0.011545 0.025697
4.1667 -0.002779 0.024126
4.5833 -0.00054901 0.021745
5 -8.944e-05 0.020677
