-5 -9.8705e-05 0.020387
-4.5833 -0.00064297 0.021211
-4.1667 -0.0030381 0.023212
-3.75 -0.011756 0.025345
-3.3333 -0.04101 0.029464
-2.9167 -0.10956 0.040771
-2.5 -0.22804 0.054233
-2.0833 -0.39952 0.045003
-1.6667 -0.42649 0.062796
-1.25 -0.26249 0.059295
-0.83333 0.20707 0.04163
-0.41667 0.7111 0.08102
0 1.131 0.09102
0.41667 0.87586 0.067976
0.83333 0.21002 0.044523
1.25 -0.25614 0.054902
1.6667 -0.39545 0.060543
2.0833 -0.39728 0.062651
2.5 -0.25903 0.04396
2.9167 -0.10635 0.038525
3.3333 -0.034255 0.030774
3.75 -0.011045 0.024587
4.1667 -0.0026343 0.02405
4.5833 -0.00058897 0.021065
5 -8.4717e-05 0.020427
